$ANSIBLE_VAULT;1.1;AES256
36306666353665366439636464343039333735306662383661656639386638343831613264316430
6666303966306436326339323938383434323834333565370a643937303335656662613636316237
62323131396262653332306536373436363738666235393964663734343431373031303638343561
6564376562643233300a383264376364366132346633626661666363393738343236646365313834
38356233353962353466306232633464663232336531636632303364626437373263656134376464
66313436346331636364313463623164613235616265363130666534323832323964656563323234
35333563383565306633663233373332303763616234393334333266666135343535656134303961
35663437663137303161346332393661306434333732396466656432303436343738386139613861
31643538383438336132613736343833626436396337626437373131356330336433616438613463
33666562313862333937313963386534336634323466623733633234383763303734363532346264
61646334326165326138613036373538323732343838323363386261343430633866363131333837
33616538643164393662313833666337346136323562393537386631316330623335666134666463
39383136376165643439323436393264306334376565363838656530303037663737393164366232
39313232626236373862353764613462616634346266383262656531366432353030323266303666
30663933613338633630663539366435646163373632636630363136616666353531333530306134
65336665366334336534383962376265643838656665626133323831343065653164303766316232
32316162313931643234313061326238636432363032646332343936326139663337363731666230
6466646665373437353431333436366138356639323735326637
